service_id,monday,tuesday,wednesday,thursday,friday,saturday,sunday,start_date,end_date
ATS 22_23-31649,0,0,0,0,0,0,1,20221120,20221120
ATS 22_23-31724,0,0,0,0,1,0,0,20221125,20221125
ATS 22_23-31718,0,0,0,0,0,1,0,20221126,20221126
ATS 22_23-31717,0,0,0,0,0,0,1,20221127,20221127
ATS 22_23-31164,1,1,1,1,1,0,0,20221128,20221128
ATS 22_23-31179,0,1,0,0,0,0,0,20221129,20221129
ATS 22_23-31172,1,1,1,1,1,0,0,20221130,20221130
ATS 22_23-31000,1,1,1,1,1,0,0,20221205,20221206
ATS 22_23-31316,1,1,1,1,1,0,0,20221212,20221212
BBL 22_23-30064,1,1,1,1,1,0,0,20221115,20230113
BCC 22_23-31470,1,1,1,1,1,0,0,20221115,20230113
BCC 22_23-31472,0,0,0,0,0,1,0,20221119,20230114
BCC 22_23-31471,0,0,0,0,0,0,1,20221120,20230108
BITS 22_23-30132,1,1,1,1,1,0,0,20221115,20230113
BITS 22_23-30132-0000100,0,0,0,0,1,0,0,20221115,20230113
BITS 22_23-30135,0,0,0,0,0,1,0,20221119,20230114
BITS 22_23-30131,0,0,0,0,0,0,1,20221120,20230108
BITS 22_23-30134,1,1,1,1,1,1,1,20221225,20221225
CDC 22_23-31350,1,1,1,1,1,0,0,20221115,20221209
BT 22_23-31334,1,1,1,1,1,0,0,20221115,20221118
BT 22_23-31334-0000100,0,0,0,0,1,0,0,20221115,20221118
BT 22_23-31334-1000000,1,0,0,0,0,0,0,20221115,20221118
BT 22_23-31334-0111100,0,1,1,1,1,0,0,20221115,20221118
BT 22_23-31331,0,0,0,0,0,1,0,20221119,20230114
BT 22_23-31330,0,0,0,0,0,0,1,20221120,20230108
BT 22_23-31333,1,1,1,1,1,0,0,20221121,20221209
BT 22_23-31333-0000100,0,0,0,0,1,0,0,20221121,20221209
BT 22_23-31333-1000000,1,0,0,0,0,0,0,20221121,20221209
BT 22_23-31333-0111100,0,1,1,1,1,0,0,20221121,20221209
BT 22_23-31338,1,1,1,1,1,0,0,20221212,20230113
BT 22_23-31338-0000100,0,0,0,0,1,0,0,20221212,20230113
BT 22_23-31337,0,0,0,0,0,0,1,20221225,20230102
CBL 22_23-30467,1,1,1,1,1,0,0,20221115,20221118
CBL 22_23-30467-0001000,0,0,0,1,0,0,0,20221115,20221118
CBL 22_23-30469,0,0,0,0,0,1,0,20221119,20221119
CBL 22_23-30470,0,0,0,0,0,0,1,20221120,20221120
CBL 22_23-31593,1,1,1,1,1,0,0,20221121,20221209
CBL 22_23-31593-0001000,0,0,0,1,0,0,0,20221121,20221209
CBL 22_23-31597,0,0,0,0,0,1,0,20221126,20230114
CBL 22_23-31598,0,0,0,0,0,0,1,20221127,20230108
CBL 22_23-31594,1,1,1,1,1,0,0,20221212,20230113
CBL 22_23-31594-0001000,0,0,0,1,0,0,0,20221212,20230113
GCLR 22_23-31205,1,1,1,1,0,0,0,20221115,20230112
GCLR 22_23-31204,0,0,0,0,1,0,0,20221118,20230113
GCLR 22_23-31206,0,0,0,0,0,1,0,20221119,20230114
GCLR 22_23-31963,0,0,0,0,0,0,1,20221120,20221211
GCLR 22_23-31966,1,1,1,1,0,0,0,20221121,20221208
GCLR 22_23-31964,0,0,0,0,0,0,1,20221204,20221204
GCLR 22_23-31965,0,0,0,0,0,0,1,20221218,20221218
GCLR 22_23-31207,0,0,0,0,0,0,1,20221225,20230108
GUNM-30346,1,1,1,1,1,0,0,20221115,20230113
GUNM-30345,1,1,1,1,1,0,0,20230102,20230106
HBL 22_23-31538,1,1,1,1,1,0,0,20221115,20221118
HBL 22_23-31538-0000100,0,0,0,0,1,0,0,20221115,20221118
HBL 22_23-31536,0,0,0,0,0,1,0,20221119,20221119
HBL 22_23-31535,0,0,0,0,0,0,1,20221120,20221120
HBL 22_23-31515,1,1,1,1,1,0,0,20221121,20221209
HBL 22_23-31513,0,0,0,0,0,1,0,20221126,20221203
HBL 22_23-31516,0,0,0,0,0,0,1,20221127,20221211
HBL 22_23-31955,0,0,0,0,0,1,0,20221210,20221210
HBL 22_23-31552,1,1,1,1,1,0,0,20221212,20230113
HBL 22_23-31554,0,0,0,0,0,1,0,20221217,20230114
HBL 22_23-31555,0,0,0,0,0,0,1,20221218,20230108
HBL 22_23-31556,0,0,0,0,0,0,1,20221225,20230102
HBL 22_23-31957,0,0,0,0,0,1,0,20221231,20221231
KBL 22_23-31412,1,1,1,1,1,0,0,20221115,20221118
KBL 22_23-30906,0,0,0,0,0,1,0,20221119,20221119
KBL 22_23-30907,0,0,0,0,0,0,1,20221120,20221120
KBL 22_23-31853,1,1,1,1,1,0,0,20221121,20221125
KBL 22_23-31850,0,0,0,0,0,1,0,20221126,20230114
KBL 22_23-31849,0,0,0,0,0,0,1,20221127,20230108
KBL 22_23-31852,1,1,1,1,1,0,0,20221128,20221202
KBL 22_23-31851,1,1,1,1,1,0,0,20221205,20221209
KBL 22_23-31848,0,0,0,0,0,1,0,20221210,20221231
KBL 22_23-31854,1,1,1,1,1,0,0,20221212,20230113
LBS 22_23-31197,1,1,1,1,1,0,0,20221115,20230113
LBS 22_23-31196,0,0,0,0,0,1,0,20221119,20230114
LBS 22_23-31198,0,0,0,0,0,0,1,20221120,20230108
LCBS 22_23-31705,1,1,1,1,1,0,0,20221115,20221209
LCBS 22_23-31705-0001000,0,0,0,1,0,0,0,20221115,20221209
LCBS 22_23-31705-0000100,0,0,0,0,1,0,0,20221115,20221209
LCBS 22_23-31699,0,0,0,0,0,1,0,20221119,20230114
LCBS 22_23-31701,0,0,0,0,0,0,1,20221120,20230108
LCBS 22_23-31796,1,1,1,1,1,0,0,20221212,20230113
LCBS 22_23-31796-0001000,0,0,0,1,0,0,0,20221212,20230113
LCBS 22_23-31796-0000100,0,0,0,0,1,0,0,20221212,20230113
LCBS 22_23-31698,0,0,0,0,0,0,1,20221226,20230102
LOGC 22_23-30141,1,1,1,1,1,0,0,20221115,20230113
LOGC 22_23-30142,0,0,0,0,0,1,0,20221119,20230114
MGB 22_23-30462,1,1,1,1,1,0,0,20221115,20221209
MGB 22_23-30464,0,0,0,0,0,1,0,20221119,20230114
MGB 22_23-30465,0,0,0,0,0,0,1,20221120,20230108
MGB 22_23-30463,1,1,1,1,1,0,0,20221212,20230113
PRT 22_23-31040,1,1,1,1,1,0,0,20221115,20221209
PRT 22_23-30629,0,0,0,0,0,1,0,20221119,20230114
PRT 22_23-30630,0,0,0,0,0,0,1,20221120,20230108
PRT 22_23-30631,1,1,1,1,1,0,0,20221212,20230113
QR 22_23-31301,1,1,1,1,0,0,0,20221115,20221124
QR 22_23-31300,0,0,0,0,1,0,0,20221118,20221118
QR 22_23-31302,0,0,0,0,0,1,0,20221119,20221119
QR 22_23-31716,0,0,0,0,0,0,1,20221120,20221120
QR 22_23-31787,0,0,0,0,1,0,0,20221125,20221125
QR 22_23-31788,0,0,0,0,0,1,0,20221126,20221126
QR 22_23-31789,0,0,0,0,0,0,1,20221127,20221127
QR 22_23-31743,1,1,1,1,0,0,0,20221128,20230112
QR 22_23-31744,0,0,0,0,1,0,0,20221202,20230113
QR 22_23-31745,0,0,0,0,0,1,0,20221203,20230114
QR 22_23-31746,0,0,0,0,0,0,1,20221204,20230108
QR 22_23-31748,0,0,0,0,0,0,1,20221225,20230101
SBL 22_23-31759,1,1,1,1,1,0,0,20221115,20221209
SBL 22_23-31759-1111000,1,1,1,1,0,0,0,20221115,20221209
SBL 22_23-31759-0000100,0,0,0,0,1,0,0,20221115,20221209
SBL 22_23-31560,0,0,0,0,0,1,0,20221119,20230114
SBL 22_23-31561,0,0,0,0,0,0,1,20221120,20230108
SBL 22_23-31558,1,1,1,1,1,0,0,20221212,20230113
SBL 22_23-31558-0000100,0,0,0,0,1,0,0,20221212,20230113
SBL 22_23-31558-1111000,1,1,1,1,0,0,0,20221212,20230113
SUN 22_23-30730,1,1,1,1,1,0,0,20221115,20221118
SUN 22_23-30730-0010000,0,0,1,0,0,0,0,20221115,20221118
SUN 22_23-30730-0001000,0,0,0,1,0,0,0,20221115,20221118
SUN 22_23-30730-0000100,0,0,0,0,1,0,0,20221115,20221118
SUN 22_23-30732,0,0,0,0,0,1,0,20221119,20221119
SUN 22_23-30738,0,0,0,0,0,0,1,20221120,20221120
SUN 22_23-31664,1,1,1,1,1,0,0,20221121,20221209
SUN 22_23-31664-1111000,1,1,1,1,0,0,0,20221121,20221209
SUN 22_23-31664-0010000,0,0,1,0,0,0,0,20221121,20221209
SUN 22_23-31664-1110100,1,1,1,0,1,0,0,20221121,20221209
SUN 22_23-31664-0001000,0,0,0,1,0,0,0,20221121,20221209
SUN 22_23-31664-0000100,0,0,0,0,1,0,0,20221121,20221209
SUN 22_23-31666,0,0,0,0,0,1,0,20221126,20230114
SUN 22_23-31665,0,0,0,0,0,0,1,20221127,20230108
SUN 22_23-31667,1,1,1,1,1,0,0,20221212,20230113
SUN 22_23-31667-1111000,1,1,1,1,0,0,0,20221212,20230113
SUN 22_23-31667-0010000,0,0,1,0,0,0,0,20221212,20230113
SUN 22_23-31667-1110100,1,1,1,0,1,0,0,20221212,20230113
SUN 22_23-31667-0001000,0,0,0,1,0,0,0,20221212,20230113
SUN 22_23-31667-0000100,0,0,0,0,1,0,0,20221212,20230113
SUN 22_23-30734,1,1,1,1,1,1,1,20221225,20221225
SUN 22_23-30734-1111111,1,1,1,1,1,1,1,20221225,20221225
SUN 22_23-30728,0,0,0,0,0,0,1,20221226,20230102
TBS 22_23-30890,1,1,1,1,1,0,0,20221115,20221202
TBS 22_23-30874,0,0,0,0,0,1,0,20221119,20230114
TBS 22_23-30875,0,0,0,0,0,0,1,20221120,20230108
TBS 22_23-30888,1,1,1,1,1,0,0,20221205,20221209
TBS 22_23-30883,1,1,1,1,1,0,0,20221212,20230113
TDEV 22_23-31522,1,1,1,1,1,0,0,20221115,20221209
TDEV 22_23-31520,0,0,0,0,0,1,0,20221119,20230114
TDEV 22_23-31519,0,0,0,0,0,0,1,20221120,20230108
TDEV 22_23-31521,1,1,1,1,1,0,0,20221212,20230113
TDEV 22_23-31518,1,1,1,1,1,1,1,20221225,20221225
TDEV 22_23-31523,1,1,1,1,1,1,1,20221226,20230102
WBS 22_23-30900,1,1,1,1,1,0,0,20221115,20221209
WBS 22_23-30643,0,0,0,0,0,1,0,20221119,20230114
WBS 22_23-30644,0,0,0,0,0,0,1,20221120,20230108
WBS 22_23-30642,1,1,1,1,1,0,0,20221212,20230113
WBS 22_23-31446,0,0,0,0,0,0,1,20221226,20230102
